 nbmag=          33
 thetain,bmagin=
  -3.1415926535897931        1.5106689212171334     
  -2.9630671709447061        1.4949870058297761     
  -2.7819034754530829        1.4510049488490646     
  -2.5958160675208108        1.3864153676023769     
  -2.4032061793884822        1.3103489317106587     
  -2.2034320582498323        1.2307750662915253     
  -1.9969514246620430        1.1534669674949833     
  -1.7852857523666839        1.0821071935560667     
  -1.5707963267949037        1.0188136043734226     
  -1.3563069012231237       0.96466444695579112     
  -1.1446412289277645       0.92008095667316725     
 -0.93816059533997498       0.88504388211668961     
 -0.73838647420132553       0.85915218193174392     
 -0.54577658606899693       0.84156341128010725     
 -0.35968917813670898       0.83093504924402728     
 -0.17852548264506904       0.82558133727485405     
   4.7183436485092562E-017  0.82400122975482204     
  0.17852548264506912       0.82558133727485405     
  0.35968917813670909       0.83093504924402728     
  0.54577658606899726       0.84156341128010725     
  0.73838647420132564       0.85915218193174392     
  0.93816059533997487       0.88504388211668961     
   1.1446412289277641       0.92008095667316725     
   1.3563069012231235       0.96466444695579112     
   1.5707963267949041        1.0188136043734226     
   1.7852857523666847        1.0821071935560667     
   1.9969514246620428        1.1534669674949833     
   2.2034320582498328        1.2307750662915253     
   2.4032061793884827        1.3103489317106587     
   2.5958160675208113        1.3864153676023769     
   2.7819034754530838        1.4510049488490646     
   2.9630671709447070        1.4949870058297761     
   3.1415926535897931        1.5106689212171334     
 alknob=   0.0000000000000000     
 epsknob=   1.0000000000000001E-005
 bpknob=   1.0000000000000000E-008
 extrknob=   0.0000000000000000     
 thetamax=   0.0000000000000000     
 deltaw,widthw=   0.0000000000000000        1.0000000000000000     
 tension=   1.0000000000000000     
 ntheta,nlambda=          32          17
#gg4init - input grid - thetain bmagin 
    1  -3.14159265358979312       1.51066892121713336    
    2  -2.96306717094470606       1.49498700582977606    
    3  -2.78190347545308292       1.45100494884906461    
    4  -2.59581606752081084       1.38641536760237694    
    5  -2.40320617938848224       1.31034893171065869    
    6  -2.20343205824983235       1.23077506629152533    
    7  -1.99695142466204301       1.15346696749498334    
    8  -1.78528575236668385       1.08210719355606666    
    9  -1.57079632679490366       1.01881360437342261    
   10  -1.35630690122312370      0.964664446955791122    
   11  -1.14464122892776454      0.920080956673167250    
   12 -0.938160595339974979      0.885043882116689606    
   13 -0.738386474201325527      0.859152181931743919    
   14 -0.545776586068996927      0.841563411280107254    
   15 -0.359689178136708976      0.830935049244027280    
   16 -0.178525482645069039      0.825581337274854055    
   17  0.471834364850925622E-16  0.824001229754822040    
   18  0.178525482645069122      0.825581337274854055    
   19  0.359689178136709087      0.830935049244027280    
   20  0.545776586068997260      0.841563411280107254    
   21  0.738386474201325638      0.859152181931743919    
   22  0.938160595339974868      0.885043882116689606    
   23   1.14464122892776410      0.920080956673167250    
   24   1.35630690122312347      0.964664446955791122    
   25   1.57079632679490411       1.01881360437342261    
   26   1.78528575236668474       1.08210719355606666    
   27   1.99695142466204278       1.15346696749498334    
   28   2.20343205824983279       1.23077506629152533    
   29   2.40320617938848269       1.31034893171065869    
   30   2.59581606752081129       1.38641536760237694    
   31   2.78190347545308381       1.45100494884906461    
   32   2.96306717094470695       1.49498700582977606    
   33   3.14159265358979312       1.51066892121713336    
#gg4start - starting grid - thetastart thetastart
    1  -3.14159265358979312      -3.14159265358979312    
    2  0.471834364850925622E-16  0.471834364850925622E-16
    3  -3.08208415937476410      -3.08208415937476410    
    4  -3.02257566515973508      -3.02257566515973508    
    5  -2.96306717094470606      -2.96306717094470606    
    6  -2.90267927244749835      -2.90267927244749835    
    7  -2.84229137395029063      -2.84229137395029063    
    8  -2.78190347545308292      -2.78190347545308292    
    9  -2.71987433947565904      -2.71987433947565904    
   10  -2.65784520349823472      -2.65784520349823472    
   11  -2.59581606752081084      -2.59581606752081084    
   12  -2.53161277147670116      -2.53161277147670116    
   13  -2.46740947543259193      -2.46740947543259193    
   14  -2.40320617938848224      -2.40320617938848224    
   15  -2.33661480567559909      -2.33661480567559909    
   16  -2.27002343196271550      -2.27002343196271550    
   17  -2.20343205824983235      -2.20343205824983235    
   18  -2.13460518038723590      -2.13460518038723590    
   19  -2.06577830252463945      -2.06577830252463945    
   20  -1.99695142466204301      -1.99695142466204301    
   21  -1.92639620056358996      -1.92639620056358996    
   22  -1.85584097646513690      -1.85584097646513690    
   23  -1.78528575236668385      -1.78528575236668385    
   24  -1.71378927717609053      -1.71378927717609053    
   25  -1.64229280198549699      -1.64229280198549699    
   26  -1.57079632679490366      -1.57079632679490366    
   27  -1.49929985160431034      -1.49929985160431034    
   28  -1.42780337641371702      -1.42780337641371702    
   29  -1.35630690122312370      -1.35630690122312370    
   30  -1.28575167712467064      -1.28575167712467064    
   31  -1.21519645302621759      -1.21519645302621759    
   32  -1.14464122892776454      -1.14464122892776454    
   33  -1.07581435106516810      -1.07581435106516810    
   34  -1.00698747320257143      -1.00698747320257143    
   35 -0.938160595339974979     -0.938160595339974979    
   36 -0.871569221627091828     -0.871569221627091828    
   37 -0.804977847914208677     -0.804977847914208677    
   38 -0.738386474201325527     -0.738386474201325527    
   39 -0.674183178157215957     -0.674183178157215957    
   40 -0.609979882113106497     -0.609979882113106497    
   41 -0.545776586068996927     -0.545776586068996927    
   42 -0.483747450091567610     -0.483747450091567610    
   43 -0.421718314114138293     -0.421718314114138293    
   44 -0.359689178136708976     -0.359689178136708976    
   45 -0.299301279639495654     -0.299301279639495654    
   46 -0.238913381142282361     -0.238913381142282361    
   47 -0.178525482645069039     -0.178525482645069039    
   48 -0.119016988430046017     -0.119016988430046017    
   49 -0.595084942150229806E-01 -0.595084942150229806E-01
   50  0.595084942150230639E-01  0.595084942150230639E-01
   51  0.119016988430046086      0.119016988430046086    
   52  0.178525482645069122      0.178525482645069122    
   53  0.238913381142282444      0.238913381142282444    
   54  0.299301279639495765      0.299301279639495765    
   55  0.359689178136709087      0.359689178136709087    
   56  0.421718314114138459      0.421718314114138459    
   57  0.483747450091567888      0.483747450091567888    
   58  0.545776586068997260      0.545776586068997260    
   59  0.609979882113106719      0.609979882113106719    
   60  0.674183178157216179      0.674183178157216179    
   61  0.738386474201325638      0.738386474201325638    
   62  0.804977847914208677      0.804977847914208677    
   63  0.871569221627091828      0.871569221627091828    
   64  0.938160595339974868      0.938160595339974868    
   65   1.00698747320257120       1.00698747320257120    
   66   1.07581435106516765       1.07581435106516765    
   67   1.14464122892776410       1.14464122892776410    
   68   1.21519645302621715       1.21519645302621715    
   69   1.28575167712467042       1.28575167712467042    
   70   1.35630690122312347       1.35630690122312347    
   71   1.42780337641371702       1.42780337641371702    
   72   1.49929985160431056       1.49929985160431056    
   73   1.57079632679490411       1.57079632679490411    
   74   1.64229280198549765       1.64229280198549765    
   75   1.71378927717609120       1.71378927717609120    
   76   1.78528575236668474       1.78528575236668474    
   77   1.85584097646513735       1.85584097646513735    
   78   1.92639620056359018       1.92639620056359018    
   79   1.99695142466204278       1.99695142466204278    
   80   2.06577830252463945       2.06577830252463945    
   81   2.13460518038723590       2.13460518038723590    
   82   2.20343205824983279       2.20343205824983279    
   83   2.27002343196271594       2.27002343196271594    
   84   2.33661480567559954       2.33661480567559954    
   85   2.40320617938848269       2.40320617938848269    
   86   2.46740947543259237       2.46740947543259237    
   87   2.53161277147670161       2.53161277147670161    
   88   2.59581606752081129       2.59581606752081129    
   89   2.65784520349823561       2.65784520349823561    
   90   2.71987433947565949       2.71987433947565949    
   91   2.78190347545308381       2.78190347545308381    
   92   2.84229137395029152       2.84229137395029152    
   93   2.90267927244749924       2.90267927244749924    
   94   2.96306717094470695       2.96306717094470695    
   95   3.02257566515973553       3.02257566515973553    
   96   3.08208415937476454       3.08208415937476454    
#gg4start - starting field - bmagstart bmagstart
    1   1.51066892121713336       1.51066892121713336    
    2  0.824001229754822151      0.824001229754822151    
    3   1.50881897185785641       1.50881897185785641    
    4   1.50353595957118769       1.50353595957118769    
    5   1.49498700582977606       1.49498700582977606    
    6   1.48302059905573858       1.48302059905573858    
    7   1.46822511806778766       1.46822511806778766    
    8   1.45100494884906461       1.45100494884906461    
    9   1.43108214527750843       1.43108214527750843    
   10   1.40940407367208898       1.40940407367208898    
   11   1.38641536760237716       1.38641536760237716    
   12   1.36160206259831518       1.36160206259831518    
   13   1.33613240174626280       1.33613240174626280    
   14   1.31034893171065847       1.31034893171065847    
   15   1.28357872222824754       1.28357872222824754    
   16   1.25698616934791629       1.25698616934791629    
   17   1.23077506629152533       1.23077506629152533    
   18   1.20429259813261180       1.20429259813261180    
   19   1.17849203333474040       1.17849203333474040    
   20   1.15346696749498334       1.15346696749498334    
   21   1.12874837439372833       1.12874837439372833    
   22   1.10495242294912144       1.10495242294912144    
   23   1.08210719355606666       1.08210719355606666    
   24   1.06001134505015604       1.06001134505015604    
   25   1.03891373853231372       1.03891373853231372    
   26   1.01881360437342261       1.01881360437342261    
   27  0.999775081057792669      0.999775081057792669    
   28  0.981727553615012960      0.981727553615012960    
   29  0.964664446955791122      0.964664446955791122    
   30  0.948849829365771225      0.948849829365771225    
   31  0.933989290914101544      0.933989290914101544    
   32  0.920080956673167250      0.920080956673167250    
   33  0.907489682459038272      0.907489682459038272    
   34  0.895809828616362935      0.895809828616362935    
   35  0.885043882116689606      0.885043882116689606    
   36  0.875553386354251506      0.875553386354251506    
   37  0.866923696985737346      0.866923696985737346    
   38  0.859152181931743919      0.859152181931743919    
   39  0.852514524266747231      0.852514524266747231    
   40  0.846658663129889466      0.846658663129889466    
   41  0.841563411280107254      0.841563411280107254    
   42  0.837379746304110495      0.837379746304110495    
   43  0.833851823411310478      0.833851823411310478    
   44  0.830935049244027280      0.830935049244027280    
   45  0.828670293667222890      0.828670293667222890    
   46  0.826902580948455257      0.826902580948455257    
   47  0.825581337274854055      0.825581337274854055    
   48  0.824693583441993172      0.824693583441993172    
   49  0.824174508468313860      0.824174508468313860    
   50  0.824174508468313860      0.824174508468313860    
   51  0.824693583441993394      0.824693583441993394    
   52  0.825581337274854055      0.825581337274854055    
   53  0.826902580948455257      0.826902580948455257    
   54  0.828670293667222890      0.828670293667222890    
   55  0.830935049244027168      0.830935049244027168    
   56  0.833851823411310367      0.833851823411310367    
   57  0.837379746304110495      0.837379746304110495    
   58  0.841563411280107143      0.841563411280107143    
   59  0.846658663129889466      0.846658663129889466    
   60  0.852514524266747231      0.852514524266747231    
   61  0.859152181931744030      0.859152181931744030    
   62  0.866923696985737346      0.866923696985737346    
   63  0.875553386354251395      0.875553386354251395    
   64  0.885043882116689495      0.885043882116689495    
   65  0.895809828616363157      0.895809828616363157    
   66  0.907489682459038272      0.907489682459038272    
   67  0.920080956673167250      0.920080956673167250    
   68  0.933989290914101544      0.933989290914101544    
   69  0.948849829365771336      0.948849829365771336    
   70  0.964664446955791011      0.964664446955791011    
   71  0.981727553615012960      0.981727553615012960    
   72  0.999775081057792669      0.999775081057792669    
   73   1.01881360437342261       1.01881360437342261    
   74   1.03891373853231350       1.03891373853231350    
   75   1.06001134505015604       1.06001134505015604    
   76   1.08210719355606666       1.08210719355606666    
   77   1.10495242294912144       1.10495242294912144    
   78   1.12874837439372833       1.12874837439372833    
   79   1.15346696749498334       1.15346696749498334    
   80   1.17849203333474040       1.17849203333474040    
   81   1.20429259813261180       1.20429259813261180    
   82   1.23077506629152533       1.23077506629152533    
   83   1.25698616934791629       1.25698616934791629    
   84   1.28357872222824709       1.28357872222824709    
   85   1.31034893171065869       1.31034893171065869    
   86   1.33613240174626280       1.33613240174626280    
   87   1.36160206259831518       1.36160206259831518    
   88   1.38641536760237671       1.38641536760237671    
   89   1.40940407367208920       1.40940407367208920    
   90   1.43108214527750843       1.43108214527750843    
   91   1.45100494884906461       1.45100494884906461    
   92   1.46822511806778810       1.46822511806778810    
   93   1.48302059905573902       1.48302059905573902    
   94   1.49498700582977606       1.49498700582977606    
   95   1.50353595957118769       1.50353595957118769    
   96   1.50881897185785641       1.50881897185785641    
#gg4start - essentialstart
           1 T
           2 T
           3 F
           4 F
           5 F
           6 F
           7 F
           8 F
           9 F
          10 F
          11 F
          12 F
          13 F
          14 F
          15 F
          16 F
          17 F
          18 F
          19 F
          20 F
          21 F
          22 F
          23 F
          24 F
          25 F
          26 F
          27 F
          28 F
          29 F
          30 F
          31 F
          32 F
          33 F
          34 F
          35 F
          36 F
          37 F
          38 F
          39 F
          40 F
          41 F
          42 F
          43 F
          44 F
          45 F
          46 F
          47 F
          48 F
          49 F
          50 F
          51 F
          52 F
          53 F
          54 F
          55 F
          56 F
          57 F
          58 F
          59 F
          60 F
          61 F
          62 F
          63 F
          64 F
          65 F
          66 F
          67 F
          68 F
          69 F
          70 F
          71 F
          72 F
          73 F
          74 F
          75 F
          76 F
          77 F
          78 F
          79 F
          80 F
          81 F
          82 F
          83 F
          84 F
          85 F
          86 F
          87 F
          88 F
          89 F
          90 F
          91 F
          92 F
          93 F
          94 F
          95 F
          96 F
# gg4collect - bmagset bmagset
    1   1.51066892121713336       1.51066892121713336    
    2  0.824001229754822151      0.824001229754822151    
    3   1.50881897185785641       1.50881897185785641    
    4   1.50353595957118769       1.50353595957118769    
    5   1.49498700582977606       1.49498700582977606    
    6   1.48302059905573858       1.48302059905573858    
    7   1.46822511806778766       1.46822511806778766    
    8   1.45100494884906461       1.45100494884906461    
    9   1.43108214527750843       1.43108214527750843    
   10   1.40940407367208898       1.40940407367208898    
   11   1.38641536760237716       1.38641536760237716    
   12   1.36160206259831518       1.36160206259831518    
   13   1.33613240174626280       1.33613240174626280    
   14   1.31034893171065847       1.31034893171065847    
   15   1.28357872222824754       1.28357872222824754    
   16   1.25698616934791629       1.25698616934791629    
   17   1.23077506629152533       1.23077506629152533    
   18   1.20429259813261180       1.20429259813261180    
   19   1.17849203333474040       1.17849203333474040    
   20   1.15346696749498334       1.15346696749498334    
   21   1.12874837439372833       1.12874837439372833    
   22   1.10495242294912144       1.10495242294912144    
   23   1.08210719355606666       1.08210719355606666    
   24   1.06001134505015604       1.06001134505015604    
   25   1.03891373853231372       1.03891373853231372    
   26   1.01881360437342261       1.01881360437342261    
   27  0.999775081057792669      0.999775081057792669    
   28  0.981727553615012960      0.981727553615012960    
   29  0.964664446955791122      0.964664446955791122    
   30  0.948849829365771225      0.948849829365771225    
   31  0.933989290914101544      0.933989290914101544    
   32  0.920080956673167250      0.920080956673167250    
   33  0.907489682459038272      0.907489682459038272    
   34  0.895809828616362935      0.895809828616362935    
   35  0.885043882116689606      0.885043882116689606    
   36  0.875553386354251506      0.875553386354251506    
   37  0.866923696985737346      0.866923696985737346    
   38  0.859152181931743919      0.859152181931743919    
   39  0.852514524266747231      0.852514524266747231    
   40  0.846658663129889466      0.846658663129889466    
   41  0.841563411280107254      0.841563411280107254    
   42  0.837379746304110495      0.837379746304110495    
   43  0.833851823411310478      0.833851823411310478    
   44  0.830935049244027280      0.830935049244027280    
   45  0.828670293667222890      0.828670293667222890    
   46  0.826902580948455257      0.826902580948455257    
   47  0.825581337274854055      0.825581337274854055    
   48  0.824693583441993172      0.824693583441993172    
   49  0.824174508468313860      0.824174508468313860    
   50  0.824174508468313860      0.824174508468313860    
   51  0.824693583441993394      0.824693583441993394    
   52  0.825581337274854055      0.825581337274854055    
   53  0.826902580948455257      0.826902580948455257    
   54  0.828670293667222890      0.828670293667222890    
   55  0.830935049244027168      0.830935049244027168    
   56  0.833851823411310367      0.833851823411310367    
   57  0.837379746304110495      0.837379746304110495    
   58  0.841563411280107143      0.841563411280107143    
   59  0.846658663129889466      0.846658663129889466    
   60  0.852514524266747231      0.852514524266747231    
   61  0.859152181931744030      0.859152181931744030    
   62  0.866923696985737346      0.866923696985737346    
   63  0.875553386354251395      0.875553386354251395    
   64  0.885043882116689495      0.885043882116689495    
   65  0.895809828616363157      0.895809828616363157    
   66  0.907489682459038272      0.907489682459038272    
   67  0.920080956673167250      0.920080956673167250    
   68  0.933989290914101544      0.933989290914101544    
   69  0.948849829365771336      0.948849829365771336    
   70  0.964664446955791011      0.964664446955791011    
   71  0.981727553615012960      0.981727553615012960    
   72  0.999775081057792669      0.999775081057792669    
   73   1.01881360437342261       1.01881360437342261    
   74   1.03891373853231350       1.03891373853231350    
   75   1.06001134505015604       1.06001134505015604    
   76   1.08210719355606666       1.08210719355606666    
   77   1.10495242294912144       1.10495242294912144    
   78   1.12874837439372833       1.12874837439372833    
   79   1.15346696749498334       1.15346696749498334    
   80   1.17849203333474040       1.17849203333474040    
   81   1.20429259813261180       1.20429259813261180    
   82   1.23077506629152533       1.23077506629152533    
   83   1.25698616934791629       1.25698616934791629    
   84   1.28357872222824709       1.28357872222824709    
   85   1.31034893171065869       1.31034893171065869    
   86   1.33613240174626280       1.33613240174626280    
   87   1.36160206259831518       1.36160206259831518    
   88   1.38641536760237671       1.38641536760237671    
   89   1.40940407367208920       1.40940407367208920    
   90   1.43108214527750843       1.43108214527750843    
   91   1.45100494884906461       1.45100494884906461    
   92   1.46822511806778810       1.46822511806778810    
   93   1.48302059905573902       1.48302059905573902    
   94   1.49498700582977606       1.49498700582977606    
   95   1.50353595957118769       1.50353595957118769    
   96   1.50881897185785641       1.50881897185785641    
# gg4collect - thetasetset ibmagsetset icollsetset
    1  -3.14159265358979312        1          2
    2  0.471834364850925622E-16    2          2
    3  -3.08208415937476410        3          2
    4   3.08208415937476321        3       3222
    5  -3.02257566515973508        4          2
    6   3.02257566515973686        4       3222
    7  -2.96306717094470606        5          2
    8   2.96306717094470695        5        331
    9  -2.90267927244749835        6          2
   10   2.90267927244749879        6       3222
   11  -2.84229137395029063        7          2
   12   2.84229137395029063        7       3222
   13  -2.78190347545308292        8          2
   14   2.78190347545308381        8        331
   15  -2.71987433947565904        9          2
   16   2.71987433947565993        9       3222
   17  -2.65784520349823472       10          2
   18   2.65784520349823516       10       3222
   19  -2.59581606752081084       11          2
   20   2.59581606752081218       11       3222
   21  -2.53161277147670116       12          2
   22   2.53161277147670205       12       3222
   23  -2.46740947543259193       13          2
   24   2.46740947543259237       13       3222
   25  -2.40320617938848224       14          2
   26   2.40320617938848180       14       3222
   27  -2.33661480567559909       15          2
   28   2.33661480567559998       15       3222
   29  -2.27002343196271550       16          2
   30   2.27002343196271594       16       3222
   31  -2.20343205824983235       17          2
   32   2.20343205824983279       17        331
   33  -2.13460518038723590       18          2
   34   2.13460518038723590       18       3222
   35  -2.06577830252463945       19          2
   36   2.06577830252463901       19       3222
   37  -1.99695142466204301       20          2
   38   1.99695142466204278       20        331
   39  -1.92639620056358996       21          2
   40   1.92639620056359018       21       3222
   41  -1.85584097646513690       22          2
   42   1.85584097646513735       22       3222
   43  -1.78528575236668385       23          2
   44   1.78528575236668474       23        331
   45  -1.71378927717609053       24          2
   46   1.71378927717609142       24       3222
   47  -1.64229280198549699       25          2
   48   1.64229280198549832       25       3222
   49  -1.57079632679490366       26          2
   50   1.57079632679490411       26        331
   51  -1.49929985160431034       27          2
   52   1.49929985160431056       27       3222
   53  -1.42780337641371702       28          2
   54   1.42780337641371680       28       3222
   55  -1.35630690122312370       29          2
   56   1.35630690122312347       29        331
   57  -1.28575167712467064       30          2
   58   1.28575167712467042       30       3222
   59  -1.21519645302621759       31          2
   60   1.21519645302621759       31       3222
   61  -1.14464122892776454       32          2
   62   1.14464122892776410       32        331
   63  -1.07581435106516810       33          2
   64   1.07581435106516787       33       3222
   65  -1.00698747320257143       34          2
   66   1.00698747320256943       34       3222
   67 -0.938160595339974979       35          2
   68  0.938160595339974868       35        331
   69 -0.871569221627091828       36          2
   70  0.871569221627092716       36       3222
   71 -0.804977847914208677       37          2
   72  0.804977847914208455       37       3222
   73 -0.738386474201325527       38          2
   74  0.738386474201325638       38        331
   75 -0.674183178157215957       39          2
   76  0.674183178157215401       39       3222
   77 -0.609979882113106497       40          2
   78  0.609979882113106164       40       3222
   79 -0.545776586068996927       41          2
   80  0.545776586068997260       41        331
   81 -0.483747450091567610       42          2
   82  0.483747450091568609       42       3222
   83 -0.421718314114138293       43          2
   84  0.421718314114140402       43       3222
   85 -0.359689178136708976       44          2
   86  0.359689178136709087       44        331
   87 -0.299301279639495654       45          2
   88  0.299301279639494155       45       3222
   89 -0.238913381142282361       46          2
   90  0.238913381142279030       46       3222
   91 -0.178525482645069039       47          2
   92  0.178525482645069122       47        331
   93 -0.119016988430046017       48          2
   94  0.119016988430039328       48       3222
   95 -0.595084942150229806E-01   49          2
   96  0.595084942150095469E-01   49       3222
   97  0.595084942150230639E-01   50          2
   98 -0.595084942150195945E-01   50       3122
   99  0.119016988430046086       51          2
  100 -0.119016988430069692       51       3122
  101  0.178525482645069122       52          2
  102 -0.178525482645069039       52        331
  103  0.238913381142282444       53          2
  104 -0.238913381142278974       53       3122
  105  0.299301279639495765       54          2
  106 -0.299301279639494044       54       3122
  107  0.359689178136709087       55          2
  108 -0.359689178136706422       55       3122
  109  0.421718314114138459       56          2
  110 -0.421718314114137516       56       3122
  111  0.483747450091567888       57          2
  112 -0.483747450091567055       57       3122
  113  0.545776586068997260       58          2
  114 -0.545776586068994263       58       3122
  115  0.609979882113106719       59          2
  116 -0.609979882113105942       59       3122
  117  0.674183178157216179       60          2
  118 -0.674183178157215179       60       3122
  119  0.738386474201325638       61          2
  120 -0.738386474201326970       61       3122
  121  0.804977847914208677       62          2
  122 -0.804977847914208455       62       3122
  123  0.871569221627091828       63          2
  124 -0.871569221627091384       63       3122
  125  0.938160595339974868       64          2
  126 -0.938160595339973535       64       3122
  127   1.00698747320257120       65          2
  128  -1.00698747320257231       65       3122
  129   1.07581435106516765       66          2
  130  -1.07581435106516832       66       3122
  131   1.14464122892776410       67          2
  132  -1.14464122892776454       67        331
  133   1.21519645302621715       68          2
  134  -1.21519645302621737       68       3122
  135   1.28575167712467042       69          2
  136  -1.28575167712467175       69       3122
  137   1.35630690122312347       70          2
  138  -1.35630690122312325       70       3122
  139   1.42780337641371702       71          2
  140  -1.42780337641371724       71       3122
  141   1.49929985160431056       72          2
  142  -1.49929985160431012       72       3122
  143   1.57079632679490411       73          2
  144  -1.57079632679490366       73        331
  145   1.64229280198549765       74          2
  146  -1.64229280198549654       74       3122
  147   1.71378927717609120       75          2
  148  -1.71378927717609053       75       3122
  149   1.78528575236668474       76          2
  150  -1.78528575236668385       76        331
  151   1.85584097646513735       77          2
  152  -1.85584097646513690       77       3122
  153   1.92639620056359018       78          2
  154  -1.92639620056359040       78       3122
  155   1.99695142466204278       79          2
  156  -1.99695142466204301       79        331
  157   2.06577830252463945       80          2
  158  -2.06577830252463901       80       3122
  159   2.13460518038723590       81          2
  160  -2.13460518038723546       81       3122
  161   2.20343205824983279       82          2
  162  -2.20343205824983235       82        331
  163   2.27002343196271594       83          2
  164  -2.27002343196271550       83       3122
  165   2.33661480567559954       84          2
  166  -2.33661480567559865       84       3122
  167   2.40320617938848269       85          2
  168  -2.40320617938848224       85        331
  169   2.46740947543259237       86          2
  170  -2.46740947543259193       86       3122
  171   2.53161277147670161       87          2
  172  -2.53161277147670116       87       3122
  173   2.59581606752081129       88          2
  174  -2.59581606752081040       88       3122
  175   2.65784520349823561       89          2
  176  -2.65784520349823516       89       3122
  177   2.71987433947565949       90          2
  178  -2.71987433947565949       90       3122
  179   2.78190347545308381       91          2
  180  -2.78190347545308292       91        331
  181   2.84229137395029152       92          2
  182  -2.84229137395029108       92       3122
  183   2.90267927244749924       93          2
  184  -2.90267927244749924       93       3122
  185   2.96306717094470695       94          2
  186  -2.96306717094470606       94        331
  187   3.02257566515973553       95          2
  188  -3.02257566515973419       95       3122
  189   3.08208415937476454       96          2
  190  -3.08208415937476499       96       3122
#gg4sort - thetasetset ithetasort ithetasort
    1  -3.14159265358979312        1          1
    2  0.471834364850925622E-16  190        190
    3  -3.08208415937476410        3          3
    4   3.08208415937476321        5          5
    5  -3.02257566515973508      188        188
    6   3.02257566515973686        7          7
    7  -2.96306717094470606      186        186
    8   2.96306717094470695        9          9
    9  -2.90267927244749835      184        184
   10   2.90267927244749879       11         11
   11  -2.84229137395029063      182        182
   12   2.84229137395029063      180        180
   13  -2.78190347545308292       13         13
   14   2.78190347545308381       15         15
   15  -2.71987433947565904      178        178
   16   2.71987433947565993      176        176
   17  -2.65784520349823472       17         17
   18   2.65784520349823516      174        174
   19  -2.59581606752081084       19         19
   20   2.59581606752081218       21         21
   21  -2.53161277147670116      172        172
   22   2.53161277147670205      170        170
   23  -2.46740947543259193       23         23
   24   2.46740947543259237       25         25
   25  -2.40320617938848224      168        168
   26   2.40320617938848180      166        166
   27  -2.33661480567559909       27         27
   28   2.33661480567559998       29         29
   29  -2.27002343196271550      164        164
   30   2.27002343196271594       31         31
   31  -2.20343205824983235      162        162
   32   2.20343205824983279      160        160
   33  -2.13460518038723590       33         33
   34   2.13460518038723590       35         35
   35  -2.06577830252463945      158        158
   36   2.06577830252463901       37         37
   37  -1.99695142466204301      156        156
   38   1.99695142466204278       39         39
   39  -1.92639620056358996      154        154
   40   1.92639620056359018       41         41
   41  -1.85584097646513690      152        152
   42   1.85584097646513735      150        150
   43  -1.78528575236668385       43         43
   44   1.78528575236668474       45         45
   45  -1.71378927717609053      148        148
   46   1.71378927717609142       47         47
   47  -1.64229280198549699      146        146
   48   1.64229280198549832       49         49
   49  -1.57079632679490366      144        144
   50   1.57079632679490411      142        142
   51  -1.49929985160431034       51         51
   52   1.49929985160431056       53         53
   53  -1.42780337641371702      140        140
   54   1.42780337641371680      138        138
   55  -1.35630690122312370       55         55
   56   1.35630690122312347       57         57
   57  -1.28575167712467064      136        136
   58   1.28575167712467042       59         59
   59  -1.21519645302621759      134        134
   60   1.21519645302621759       61         61
   61  -1.14464122892776454      132        132
   62   1.14464122892776410       63         63
   63  -1.07581435106516810      130        130
   64   1.07581435106516787       65         65
   65  -1.00698747320257143      128        128
   66   1.00698747320256943      126        126
   67 -0.938160595339974979       67         67
   68  0.938160595339974868      124        124
   69 -0.871569221627091828       69         69
   70  0.871569221627092716      122        122
   71 -0.804977847914208677       71         71
   72  0.804977847914208455      120        120
   73 -0.738386474201325527       73         73
   74  0.738386474201325638      118        118
   75 -0.674183178157215957       75         75
   76  0.674183178157215401      116        116
   77 -0.609979882113106497       77         77
   78  0.609979882113106164      114        114
   79 -0.545776586068996927       79         79
   80  0.545776586068997260      112        112
   81 -0.483747450091567610       81         81
   82  0.483747450091568609      110        110
   83 -0.421718314114138293       83         83
   84  0.421718314114140402      108        108
   85 -0.359689178136708976       85         85
   86  0.359689178136709087      106        106
   87 -0.299301279639495654       87         87
   88  0.299301279639494155      104        104
   89 -0.238913381142282361       89         89
   90  0.238913381142279030      102        102
   91 -0.178525482645069039       91         91
   92  0.178525482645069122      100        100
   93 -0.119016988430046017       93         93
   94  0.119016988430039328       98         98
   95 -0.595084942150229806E-01   95         95
   96  0.595084942150095469E-01    2          2
   97  0.595084942150230639E-01   97         97
   98 -0.595084942150195945E-01   96         96
   99  0.119016988430046086       99         99
  100 -0.119016988430069692       94         94
  101  0.178525482645069122      101        101
  102 -0.178525482645069039       92         92
  103  0.238913381142282444      103        103
  104 -0.238913381142278974       90         90
  105  0.299301279639495765      105        105
  106 -0.299301279639494044       88         88
  107  0.359689178136709087      107        107
  108 -0.359689178136706422       86         86
  109  0.421718314114138459      109        109
  110 -0.421718314114137516       84         84
  111  0.483747450091567888      111        111
  112 -0.483747450091567055       82         82
  113  0.545776586068997260      113        113
  114 -0.545776586068994263       80         80
  115  0.609979882113106719      115        115
  116 -0.609979882113105942       78         78
  117  0.674183178157216179      117        117
  118 -0.674183178157215179       76         76
  119  0.738386474201325638      119        119
  120 -0.738386474201326970       74         74
  121  0.804977847914208677      121        121
  122 -0.804977847914208455       72         72
  123  0.871569221627091828      123        123
  124 -0.871569221627091384       70         70
  125  0.938160595339974868      125        125
  126 -0.938160595339973535       68         68
  127   1.00698747320257120      127        127
  128  -1.00698747320257231       66         66
  129   1.07581435106516765      129        129
  130  -1.07581435106516832       64         64
  131   1.14464122892776410       62         62
  132  -1.14464122892776454      131        131
  133   1.21519645302621715       60         60
  134  -1.21519645302621737      133        133
  135   1.28575167712467042       58         58
  136  -1.28575167712467175      135        135
  137   1.35630690122312347       56         56
  138  -1.35630690122312325      137        137
  139   1.42780337641371702       54         54
  140  -1.42780337641371724      139        139
  141   1.49929985160431056       52         52
  142  -1.49929985160431012      141        141
  143   1.57079632679490411       50         50
  144  -1.57079632679490366      143        143
  145   1.64229280198549765       48         48
  146  -1.64229280198549654      145        145
  147   1.71378927717609120       46         46
  148  -1.71378927717609053      147        147
  149   1.78528575236668474       44         44
  150  -1.78528575236668385      149        149
  151   1.85584097646513735       42         42
  152  -1.85584097646513690      151        151
  153   1.92639620056359018       40         40
  154  -1.92639620056359040      153        153
  155   1.99695142466204278      155        155
  156  -1.99695142466204301       38         38
  157   2.06577830252463945      157        157
  158  -2.06577830252463901       36         36
  159   2.13460518038723590      159        159
  160  -2.13460518038723546       34         34
  161   2.20343205824983279      161        161
  162  -2.20343205824983235       32         32
  163   2.27002343196271594       30         30
  164  -2.27002343196271550      163        163
  165   2.33661480567559954       28         28
  166  -2.33661480567559865      165        165
  167   2.40320617938848269       26         26
  168  -2.40320617938848224      167        167
  169   2.46740947543259237       24         24
  170  -2.46740947543259193      169        169
  171   2.53161277147670161       22         22
  172  -2.53161277147670116      171        171
  173   2.59581606752081129      173        173
  174  -2.59581606752081040       20         20
  175   2.65784520349823561      175        175
  176  -2.65784520349823516       18         18
  177   2.71987433947565949      177        177
  178  -2.71987433947565949       16         16
  179   2.78190347545308381       14         14
  180  -2.78190347545308292      179        179
  181   2.84229137395029152       12         12
  182  -2.84229137395029108      181        181
  183   2.90267927244749924      183        183
  184  -2.90267927244749924       10         10
  185   2.96306717094470695      185        185
  186  -2.96306717094470606        8          8
  187   3.02257566515973553        6          6
  188  -3.02257566515973419      187        187
  189   3.08208415937476454      189        189
  190  -3.08208415937476499        4          4
#gg4sort - bmagset ibmagsort ibmagsort
    1   1.51066892121713336        2          2
    2  0.824001229754822151       49         49
    3   1.50881897185785641       50         50
    4   1.50353595957118769       48         48
    5   1.49498700582977606       51         51
    6   1.48302059905573858       52         52
    7   1.46822511806778766       47         47
    8   1.45100494884906461       53         53
    9   1.43108214527750843       46         46
   10   1.40940407367208898       54         54
   11   1.38641536760237716       45         45
   12   1.36160206259831518       44         44
   13   1.33613240174626280       55         55
   14   1.31034893171065847       56         56
   15   1.28357872222824754       43         43
   16   1.25698616934791629       57         57
   17   1.23077506629152533       42         42
   18   1.20429259813261180       58         58
   19   1.17849203333474040       41         41
   20   1.15346696749498334       59         59
   21   1.12874837439372833       40         40
   22   1.10495242294912144       60         60
   23   1.08210719355606666       39         39
   24   1.06001134505015604       38         38
   25   1.03891373853231372       61         61
   26   1.01881360437342261       37         37
   27  0.999775081057792669       62         62
   28  0.981727553615012960       36         36
   29  0.964664446955791122       63         63
   30  0.948849829365771225       35         35
   31  0.933989290914101544       64         64
   32  0.920080956673167250       34         34
   33  0.907489682459038272       65         65
   34  0.895809828616362935       66         66
   35  0.885043882116689606       33         33
   36  0.875553386354251506       67         67
   37  0.866923696985737346       32         32
   38  0.859152181931743919       31         31
   39  0.852514524266747231       68         68
   40  0.846658663129889466       30         30
   41  0.841563411280107254       69         69
   42  0.837379746304110495       29         29
   43  0.833851823411310478       70         70
   44  0.830935049244027280       28         28
   45  0.828670293667222890       71         71
   46  0.826902580948455257       27         27
   47  0.825581337274854055       72         72
   48  0.824693583441993172       26         26
   49  0.824174508468313860       73         73
   50  0.824174508468313860       25         25
   51  0.824693583441993394       74         74
   52  0.825581337274854055       24         24
   53  0.826902580948455257       75         75
   54  0.828670293667222890       23         23
   55  0.830935049244027168       76         76
   56  0.833851823411310367       22         22
   57  0.837379746304110495       77         77
   58  0.841563411280107143       21         21
   59  0.846658663129889466       78         78
   60  0.852514524266747231       20         20
   61  0.859152181931744030       79         79
   62  0.866923696985737346       80         80
   63  0.875553386354251395       19         19
   64  0.885043882116689495       81         81
   65  0.895809828616363157       18         18
   66  0.907489682459038272       82         82
   67  0.920080956673167250       17         17
   68  0.933989290914101544       83         83
   69  0.948849829365771336       16         16
   70  0.964664446955791011       15         15
   71  0.981727553615012960       84         84
   72  0.999775081057792669       14         14
   73   1.01881360437342261       85         85
   74   1.03891373853231350       13         13
   75   1.06001134505015604       86         86
   76   1.08210719355606666       12         12
   77   1.10495242294912144       87         87
   78   1.12874837439372833       11         11
   79   1.15346696749498334       88         88
   80   1.17849203333474040       89         89
   81   1.20429259813261180       10         10
   82   1.23077506629152533       90         90
   83   1.25698616934791629        9          9
   84   1.28357872222824709       91         91
   85   1.31034893171065869        8          8
   86   1.33613240174626280        7          7
   87   1.36160206259831518       92         92
   88   1.38641536760237671        6          6
   89   1.40940407367208920       93         93
   90   1.43108214527750843       94         94
   91   1.45100494884906461        5          5
   92   1.46822511806778810       95         95
   93   1.48302059905573902        4          4
   94   1.49498700582977606       96         96
   95   1.50353595957118769        3          3
   96   1.50881897185785641        1          1
#gg4metrics - thetares alambdares
    1  0.200000000000000000E+21  0.122774872330156173E-02
    2  0.100000000000000000E+21  0.433108580412942617E-03
    3   0.00000000000000000       0.00000000000000000    
    4   0.00000000000000000       0.00000000000000000    
    5   0.00000000000000000       0.00000000000000000    
    6   0.00000000000000000       0.00000000000000000    
    7   0.00000000000000000       0.00000000000000000    
    8   0.00000000000000000       0.00000000000000000    
    9   0.00000000000000000       0.00000000000000000    
   10   0.00000000000000000       0.00000000000000000    
   11   0.00000000000000000      0.527895475417958349E-09
   12   0.00000000000000000       0.00000000000000000    
   13   0.00000000000000000       0.00000000000000000    
   14   0.00000000000000000       0.00000000000000000    
   15   0.00000000000000000       0.00000000000000000    
   16   0.00000000000000000       0.00000000000000000    
   17   0.00000000000000000       0.00000000000000000    
   18   0.00000000000000000       0.00000000000000000    
   19   0.00000000000000000       0.00000000000000000    
   20   0.00000000000000000       0.00000000000000000    
   21   0.00000000000000000       0.00000000000000000    
   22   0.00000000000000000       0.00000000000000000    
   23   0.00000000000000000       0.00000000000000000    
   24   0.00000000000000000       0.00000000000000000    
   25   0.00000000000000000       0.00000000000000000    
   26   0.00000000000000000       0.00000000000000000    
   27   0.00000000000000000       0.00000000000000000    
   28   0.00000000000000000       0.00000000000000000    
   29   0.00000000000000000       0.00000000000000000    
   30   0.00000000000000000       0.00000000000000000    
   31   0.00000000000000000       0.00000000000000000    
   32   0.00000000000000000       0.00000000000000000    
   33   0.00000000000000000       0.00000000000000000    
   34   0.00000000000000000       0.00000000000000000    
   35   0.00000000000000000      0.504327326527192680E-09
   36   0.00000000000000000       0.00000000000000000    
   37   0.00000000000000000       0.00000000000000000    
   38   0.00000000000000000       0.00000000000000000    
   39   0.00000000000000000       0.00000000000000000    
   40   0.00000000000000000       0.00000000000000000    
   41   0.00000000000000000       0.00000000000000000    
   42   0.00000000000000000       0.00000000000000000    
   43   0.00000000000000000       0.00000000000000000    
   44   0.00000000000000000      0.401130594983253835E-09
   45   0.00000000000000000       0.00000000000000000    
   46   0.00000000000000000       0.00000000000000000    
   47   0.00000000000000000       0.00000000000000000    
   48   0.00000000000000000       0.00000000000000000    
   49   0.00000000000000000       0.00000000000000000    
   50   0.00000000000000000       0.00000000000000000    
   51   0.00000000000000000       0.00000000000000000    
   52   0.00000000000000000       0.00000000000000000    
   53   0.00000000000000000       0.00000000000000000    
   54   0.00000000000000000       0.00000000000000000    
   55   0.00000000000000000      0.802261162762513457E-09
   56   0.00000000000000000       0.00000000000000000    
   57   0.00000000000000000       0.00000000000000000    
   58   0.00000000000000000       0.00000000000000000    
   59   0.00000000000000000       0.00000000000000000    
   60   0.00000000000000000       0.00000000000000000    
   61   0.00000000000000000      0.222599559258049411E-08
   62   0.00000000000000000       0.00000000000000000    
   63   0.00000000000000000       0.00000000000000000    
   64   0.00000000000000000      0.100865460201308551E-08
   65   0.00000000000000000       0.00000000000000000    
   66   0.00000000000000000       0.00000000000000000    
   67   0.00000000000000000       0.00000000000000000    
   68   0.00000000000000000       0.00000000000000000    
   69   0.00000000000000000       0.00000000000000000    
   70   0.00000000000000000       0.00000000000000000    
   71   0.00000000000000000       0.00000000000000000    
   72   0.00000000000000000       0.00000000000000000    
   73   0.00000000000000000       0.00000000000000000    
   74   0.00000000000000000       0.00000000000000000    
   75   0.00000000000000000       0.00000000000000000    
   76   0.00000000000000000       0.00000000000000000    
   77   0.00000000000000000       0.00000000000000000    
   78   0.00000000000000000       0.00000000000000000    
   79   0.00000000000000000       0.00000000000000000    
   80   0.00000000000000000       0.00000000000000000    
   81   0.00000000000000000       0.00000000000000000    
   82   0.00000000000000000       0.00000000000000000    
   83   0.00000000000000000       0.00000000000000000    
   84   0.00000000000000000       0.00000000000000000    
   85   0.00000000000000000       0.00000000000000000    
   86   0.00000000000000000       0.00000000000000000    
   87   0.00000000000000000       0.00000000000000000    
   88   0.00000000000000000      0.105579083300785774E-08
   89   0.00000000000000000       0.00000000000000000    
   90   0.00000000000000000       0.00000000000000000    
   91   0.00000000000000000       0.00000000000000000    
   92   0.00000000000000000       0.00000000000000000    
   93   0.00000000000000000       0.00000000000000000    
   94   0.00000000000000000       0.00000000000000000    
   95   0.00000000000000000       0.00000000000000000    
   96   0.00000000000000000       0.00000000000000000    
#gg4results - output grid - thetagrid thetagrid
    1  -3.14159265358979312       1.51066892121713336    
    2  -2.96306717094470606       1.49498700582977606    
    3  -2.78190347545308292       1.45100494884906461    
    4  -2.59581606752081040       1.38641536760237671    
    5  -2.40320617938848224       1.31034893171065869    
    6  -2.20343205824983235       1.23077506629152533    
    7  -1.99695142466204301       1.15346696749498334    
    8  -1.78528575236668385       1.08210719355606666    
    9  -1.57079632679490366       1.01881360437342261    
   10  -1.42780337641371724      0.981727553615012960    
   11  -1.28575167712467175      0.948849829365771336    
   12  -1.14464122892776454      0.920080956673167250    
   13  -1.00698747320257231      0.895809828616363157    
   14 -0.738386474201326970      0.859152181931744030    
   15 -0.483747450091567055      0.837379746304110495    
   16 -0.238913381142278974      0.826902580948455257    
   17  0.471834364850925622E-16  0.824001229754822151    
   18  0.238913381142282444      0.826902580948455257    
   19  0.483747450091567888      0.837379746304110495    
   20  0.738386474201325638      0.859152181931744030    
   21   1.00698747320257120      0.895809828616363157    
   22   1.14464122892776410      0.920080956673167250    
   23   1.28575167712467042      0.948849829365771336    
   24   1.42780337641371702      0.981727553615012960    
   25   1.57079632679490411       1.01881360437342261    
   26   1.78528575236668474       1.08210719355606666    
   27   1.99695142466204278       1.15346696749498334    
   28   2.20343205824983279       1.23077506629152533    
   29   2.40320617938848269       1.31034893171065869    
   30   2.59581606752081129       1.38641536760237671    
   31   2.78190347545308381       1.45100494884906461    
   32   2.96306717094470695       1.49498700582977606    
   33   3.14159265358979312       1.51066892121713336    
#gg4results - output 1/lambda - bset bset
    1   1.51066892121713336       1.51066892121713336    
    2   1.49498700582977606       1.49498700582977606    
    3   1.45100494884906461       1.45100494884906461    
    4   1.38641536760237671       1.38641536760237671    
    5   1.31034893171065869       1.31034893171065869    
    6   1.23077506629152533       1.23077506629152533    
    7   1.15346696749498334       1.15346696749498334    
    8   1.08210719355606666       1.08210719355606666    
    9   1.01881360437342261       1.01881360437342261    
   10  0.981727553615012960      0.981727553615012960    
   11  0.948849829365771336      0.948849829365771336    
   12  0.920080956673167250      0.920080956673167250    
   13  0.895809828616363157      0.895809828616363157    
   14  0.859152181931744030      0.859152181931744030    
   15  0.837379746304110495      0.837379746304110495    
   16  0.826902580948455257      0.826902580948455257    
   17  0.824001229754822151      0.824001229754822151    
